1000
44 19 7
34 10 100
76 10 62
95 21 59
28 13 37
95 95 17
53 76 77
30 15 68
94 54 91
69 62 92
52 96 17
17 55 29
95 23 15
95 52 21
4 57 29
99 13 4
74 32 14
25 24 95
32 96 39
50 20 90
57 92 78
46 18 82
67 60 99
63 4 15
0 65 91
90 78 19
32 46 61
45 19 56
44 62 13
23 34 79
71 86 34
84 95 42
75 79 54
53 77 48
24 1 68
16 54 82
61 65 100
6 10 20
10 33 33
32 27 27
16 10 4
70 72 24
10 34 81
36 93 63
44 65 58
87 57 12
79 6 30
89 86 90
79 29 41
47 66 45
69 11 77
34 29 37
88 27 3
87 81 48
50 78 61
67 58 20
5 66 37
36 87 6
1 87 71
56 44 57
2 98 62
52 29 5
46 4 73
14 60 30
5 85 97
89 80 48
42 7 15
38 31 43
7 68 97
53 52 65
100 1 1
42 93 80
99 26 64
23 89 93
25 25 97
53 48 15
28 89 30
75 23 60
55 2 71
3 96 47
28 9 52
100 18 7
95 11 94
32 81 7
96 23 79
91 74 34
93 92 92
86 41 9
100 84 72
15 72 4
23 8 13
43 99 74
47 25 9
17 37 79
75 36 52
43 81 99
34 72 48
92 33 47
42 35 78
49 78 52
8 67 44
72 73 82
11 69 57
16 11 38
22 42 25
39 5 38
20 56 69
15 40 98
0 92 67
72 36 27
88 17 100
58 16 65
72 40 83
5 4 81
59 78 24
85 2 99
51 16 83
13 78 5
50 22 62
78 3 72
37 24 17
77 65 16
34 15 71
83 98 82
9 77 77
95 22 15
75 40 70
80 15 95
62 24 38
80 70 89
25 43 87
5 36 8
100 61 33
76 85 40
70 57 74
82 47 30
13 68 39
85 96 27
90 72 20
65 88 97
48 100 7
42 25 39
92 55 47
33 69 55
97 48 53
70 88 73
7 13 7
21 81 30
24 24 77
13 45 52
21 60 67
58 85 42
16 53 10
28 1 34
81 58 33
12 55 55
19 7 99
30 94 18
97 70 4
100 54 94
59 98 12
39 42 75
70 67 75
64 81 11
33 18 17
72 68 30
84 63 23
58 99 46
60 4 61
38 96 19
22 15 99
38 18 100
54 12 86
20 62 88
8 90 85
73 81 87
42 58 87
31 9 89
14 46 40
66 90 100
31 20 6
54 84 77
31 15 100
27 65 77
46 83 61
91 54 60
75 52 73
73 60 73
20 73 91
57 41 42
11 10 80
45 4 63
23 24 41
34 98 65
65 70 12
21 80 63
12 25 45
35 8 16
14 33 90
91 41 56
13 69 20
76 77 73
69 96 28
95 92 84
34 78 21
31 9 97
60 100 78
28 16 5
51 66 33
20 24 95
57 64 92
14 72 37
98 85 64
28 96 15
9 78 90
93 73 82
35 68 35
54 47 14
36 17 39
74 86 76
24 29 11
100 89 79
59 19 85
57 75 18
88 7 40
91 77 63
51 76 26
3 82 67
4 11 83
55 32 37
81 4 75
4 79 33
89 74 71
91 96 80
57 27 68
79 48 79
37 29 63
95 82 27
89 11 13
0 27 62
70 93 6
8 44 91
62 87 92
2 93 86
7 62 58
42 8 52
10 5 43
32 38 20
56 30 6
72 53 57
44 31 91
25 12 74
64 25 83
20 60 5
79 26 26
30 61 23
65 34 26
34 74 94
28 58 46
60 57 42
13 62 69
8 100 13
81 13 32
25 40 82
88 17 98
9 76 39
96 28 17
19 80 12
42 63 85
86 54 55
100 84 31
68 6 13
62 46 1
12 3 26
82 89 7
38 20 36
23 7 39
43 86 20
77 41 62
10 9 17
87 37 94
17 31 57
60 2 68
61 63 52
6 57 10
17 43 82
61 85 22
12 85 59
60 86 100
38 4 1
54 98 4
0 42 24
12 88 91
22 21 46
98 29 77
7 29 86
17 2 33
13 66 1
49 47 74
83 88 33
67 3 26
0 55 55
42 33 8
24 89 95
66 30 100
11 92 53
75 91 13
96 46 9
19 32 69
38 36 53
21 61 42
63 93 100
37 73 10
27 97 67
71 8 8
16 81 80
77 61 9
48 69 67
99 91 5
7 33 36
54 53 91
100 89 96
60 98 27
32 15 55
14 65 87
28 14 70
46 100 80
97 88 98
39 39 55
18 57 73
75 69 6
17 53 33
54 31 99
54 73 68
21 89 97
66 43 12
1 23 57
18 18 95
63 42 23
73 91 41
6 12 13
19 41 36
63 39 40
62 86 17
19 54 59
65 46 89
37 13 100
28 75 45
45 39 5
96 31 25
14 10 10
26 2 42
75 18 15
43 24 79
31 40 41
83 53 23
39 62 100
75 18 61
100 91 18
100 33 89
80 53 38
41 85 26
19 67 40
4 99 54
77 18 99
0 34 29
39 85 37
6 54 76
22 14 70
84 90 42
17 52 13
41 20 71
58 58 81
73 9 85
52 72 19
62 57 13
7 55 85
80 94 17
79 67 41
53 66 72
14 84 31
40 79 88
20 60 75
92 82 14
97 18 34
7 38 80
36 64 15
45 3 87
61 55 7
49 37 81
10 67 92
82 70 56
2 1 3
10 86 69
70 70 72
85 86 56
13 9 61
55 93 15
34 21 80
30 9 85
100 17 30
98 6 75
7 78 53
31 43 35
3 53 40
56 84 29
41 97 68
86 25 64
8 34 45
29 72 80
74 3 72
18 82 44
68 23 92
84 24 17
73 94 45
32 94 82
21 57 20
38 55 3
99 62 71
100 26 16
0 39 48
34 99 40
72 17 12
35 45 55
16 86 46
30 83 16
57 66 7
18 61 15
39 68 89
84 90 1
8 58 1
58 90 100
84 79 77
12 65 66
75 83 75
31 11 98
86 33 83
20 71 63
83 15 78
23 70 19
19 15 33
60 29 94
32 43 54
31 90 6
82 20 52
63 43 23
14 89 2
42 91 58
46 13 17
55 82 52
70 35 40
82 28 71
8 2 87
14 30 25
3 19 75
43 72 63
0 30 70
59 31 96
16 5 23
86 82 81
31 37 19
93 62 88
34 92 69
39 62 19
82 55 91
98 55 70
1 12 64
37 92 57
91 48 60
20 56 46
56 92 59
58 20 9
67 54 42
97 83 99
72 9 77
84 40 70
40 67 34
73 41 26
71 35 27
44 88 41
77 76 20
51 57 31
63 53 74
25 60 20
21 1 14
79 8 72
93 62 100
79 74 13
93 8 68
18 75 8
55 47 53
1 73 59
23 1 19
55 37 9
13 47 81
36 42 44
67 7 97
84 58 56
10 33 56
10 72 100
25 65 34
73 5 80
4 80 61
47 71 80
93 24 72
9 72 95
2 42 20
90 69 60
77 75 10
41 97 37
55 3 20
6 33 77
19 90 69
41 62 75
1 45 6
65 19 26
29 21 89
2 32 95
26 20 90
11 99 88
31 80 31
93 6 84
79 46 84
13 82 4
33 34 86
24 64 84
66 26 38
25 68 86
98 87 25
89 21 73
27 63 72
97 87 65
57 76 70
36 22 35
25 47 39
3 66 73
39 94 64
37 26 33
100 63 3
16 86 48
67 19 16
78 53 78
24 57 9
71 81 41
99 35 58
21 88 44
44 95 98
5 47 66
6 74 68
15 48 19
56 91 37
41 98 74
30 17 52
21 99 3
11 32 65
8 7 32
6 90 7
38 27 52
33 84 61
100 39 9
97 69 86
70 91 100
65 83 43
53 97 9
0 10 42
47 12 95
4 62 87
9 10 84
35 71 80
64 20 30
78 12 41
13 21 19
14 81 78
83 89 31
97 61 94
13 62 100
49 48 55
50 65 61
77 97 48
96 2 72
61 71 58
99 3 95
97 40 45
43 89 76
45 61 96
67 45 63
7 21 17
83 56 97
48 21 33
23 66 83
1 54 73
83 25 47
70 87 37
20 2 14
77 31 9
11 99 92
82 19 81
64 70 73
55 94 27
98 38 32
22 2 57
87 63 16
85 13 84
17 73 94
50 91 58
81 53 85
64 88 26
54 86 32
14 78 60
3 40 45
73 35 23
78 31 43
2 94 46
21 26 87
97 40 88
3 22 39
50 45 96
59 43 87
2 20 12
29 42 62
69 77 100
87 12 14
54 72 3
5 100 52
8 64 34
33 70 76
79 70 92
74 98 45
8 13 21
37 77 96
16 15 64
55 58 79
87 20 40
90 24 63
99 41 62
76 21 60
68 13 87
30 64 33
73 43 35
14 12 58
45 70 62
27 6 1
38 4 40
16 58 27
2 47 93
88 58 41
34 78 66
15 14 85
30 74 67
0 99 43
42 13 34
70 29 55
80 74 70
11 45 47
6 97 77
79 48 76
56 22 38
86 98 75
88 45 37
16 81 32
93 61 47
91 5 25
25 23 43
97 37 34
73 93 3
16 96 54
86 15 32
19 23 85
6 90 18
80 25 64
81 14 29
52 39 2
54 69 77
57 58 89
65 42 19
22 88 73
51 82 15
98 100 65
90 77 46
24 26 19
68 85 59
5 95 26
94 24 53
85 84 21
17 26 74
37 2 41
20 46 63
85 85 71
33 56 65
43 54 4
44 35 57
23 76 96
51 52 94
72 83 63
22 61 99
75 68 11
28 53 36
92 10 71
98 41 60
47 2 34
35 87 31
48 39 20
55 83 24
34 16 89
13 9 38
48 62 3
100 9 27
93 28 75
100 6 31
89 84 47
91 88 3
77 67 94
43 30 26
9 100 8
46 13 67
49 22 17
100 60 84
41 87 80
35 29 87
28 44 77
34 92 25
53 22 1
26 57 61
12 39 71
46 71 15
68 88 23
69 91 72
17 75 28
56 80 4
52 37 89
95 24 55
72 45 65
72 69 8
4 92 13
83 12 56
92 31 9
16 58 42
49 35 2
53 92 12
5 5 86
51 39 32
10 55 4
66 92 12
67 53 15
1 94 5
67 56 15
29 75 87
97 76 47
52 23 15
68 88 5
34 5 87
38 92 85
30 5 25
23 60 91
94 29 22
85 85 34
92 4 28
67 60 11
38 100 15
51 72 5
61 53 3
30 86 56
69 18 21
20 46 39
44 52 32
21 52 78
87 22 56
47 27 8
51 65 58
37 3 58
4 38 5
58 27 76
7 52 33
48 86 21
52 91 16
71 75 75
22 4 96
67 95 83
64 82 82
44 27 57
54 84 33
64 85 30
80 80 99
67 89 59
78 28 15
100 91 42
46 69 58
8 61 41
21 63 84
51 61 55
79 88 11
79 13 6
56 61 7
47 27 41
73 100 14
1 55 20
57 10 21
25 18 17
30 57 67
33 44 96
0 20 21
35 57 4
37 33 18
4 95 82
96 55 72
38 3 52
8 20 80
81 8 37
99 61 22
25 85 66
28 11 21
67 48 15
66 20 11
38 15 17
61 18 70
52 36 12
74 9 58
0 32 79
18 22 25
87 37 39
63 75 34
52 68 7
88 40 84
26 4 85
7 52 70
98 39 27
76 70 22
22 41 17
92 7 98
6 37 12
76 78 55
84 18 41
100 74 54
95 11 94
38 6 39
13 98 74
75 46 17
43 82 22
43 82 18
1 7 59
7 95 21
29 21 13
74 86 67
9 67 98
62 59 95
58 36 22
27 23 72
11 5 82
25 43 2
44 60 67
47 92 81
38 87 35
74 35 91
100 6 94
41 5 75
4 47 5
74 73 98
81 64 70
17 8 18
6 53 79
95 33 26
91 86 25
1 42 57
23 74 80
90 16 86
20 14 88
2 9 3
55 71 46
64 76 28
52 60 75
67 73 45
1 97 39
78 23 25
13 63 44
90 70 34
44 5 97
71 28 11
17 36 76
47 53 21
59 96 91
16 79 40
59 75 48
87 70 20
98 96 13
47 88 70
35 62 33
26 92 27
18 13 17
85 16 71
93 79 38
11 45 87
24 57 38
79 31 94
76 7 28
49 32 95
30 44 90
98 23 27
66 17 16
14 36 81
49 2 81
70 16 5
91 65 22
1 52 5
7 54 41
56 56 52
23 7 3
31 30 58
92 38 94
90 67 82
91 2 12
58 20 22
20 11 46
67 77 35
51 16 84
50 42 68
100 23 20
7 84 93
6 26 84
55 55 17
5 34 58
94 20 21
27 69 53
56 48 75
67 10 77
93 40 71
17 17 24
69 3 81
93 85 66
14 63 94
6 27 73
3 89 85
85 73 70
93 91 57
35 99 22
52 69 42
100 27 67
8 92 17
84 98 25
63 97 5
49 18 95
66 75 25
19 53 6
51 9 46
75 97 39
23 79 47
12 71 89
13 55 55
4 8 40
33 20 79
36 65 62
10 87 38
16 20 69
22 64 65
21 28 21
32 68 96
73 7 6
12 72 15
28 95 81
0 33 60
86 89 75
5 97 10
32 10 75
5 47 9
59 75 32
79 6 20
52 20 71
27 39 58
98 85 38
43 9 84
92 80 87
99 99 99
28 95 98
73 66 59
11 73 54
64 38 29
12 7 78
13 46 10
22 89 58
36 67 58
82 45 77
7 79 5
90 58 66
46 26 68
63 74 95
75 63 74
34 72 75
76 9 32
79 37 2
60 68 69
56 65 95
4 17 11
99 60 89
70 42 40
65 48 46
19 57 99
96 23 25
96 100 18
50 66 61
4 78 15
90 48 65
